1 1 0.01 0.01 100
100
0
0.0499792
0.0998334
0.149438
0.198669
0.247404
0.29552
0.342898
0.389418
0.434966
0.479426
0.522687
0.564642
0.605186
0.644218
0.681639
0.717356
0.75128
0.783327
0.813416
0.841471
0.867423
0.891207
0.912764
0.932039
0.948985
0.963558
0.975723
0.98545
0.992713
0.997495
0.999784
0.999574
0.996865
0.991665
0.983986
0.973848
0.961275
0.9463
0.92896
0.909297
0.887362
0.863209
0.836899
0.808496
0.778073
0.745705
0.711473
0.675463
0.637765
0.598472
0.557684
0.515501
0.472031
0.42738
0.381661
0.334988
0.287478
0.239249
0.190423
0.14112
0.0914646
0.0415807
0
0
0
0
0
0
0
0
0
0
0
0
0
0
0
0
0
0
0
0
0
0
0
0
0
0
0
0
0
0
0
0
0
0
0
0
0
